200 1000
129 56
109 165
24 146
63 132
116 30
114 156
193 85
38 16
21 66
165 166
127 68
167 126
116 59
14 134
149 34
141 137
179 121
82 65
80 39
68 197
117 17
181 85
36 182
7 8
80 103
172 176
3 141
168 10
49 94
48 141
196 54
111 14
125 5
179 164
51 135
99 87
6 99
135 180
169 61
36 142
186 88
106 155
161 19
54 127
47 112
33 179
3 153
69 171
88 52
186 159
156 2
79 83
172 194
180 138
166 155
17 54
109 107
88 110
90 28
34 71
179 47
124 65
159 87
132 185
7 51
62 32
147 118
110 31
89 137
173 145
128 167
51 72
80 62
123 22
200 54
13 30
53 172
137 162
178 191
47 99
137 87
169 153
105 87
111 107
31 41
58 104
93 199
96 86
115 148
147 191
58 184
43 169
150 99
21 26
144 126
56 136
199 49
145 42
99 100
95 29
34 124
163 98
112 126
59 84
189 190
133 10
64 190
34 79
13 18
165 102
2 86
19 41
177 190
34 178
92 46
108 128
105 173
133 120
161 20
145 125
59 18
40 8
181 71
112 61
77 193
168 72
100 44
183 93
169 128
61 60
93 80
9 62
81 66
122 41
110 30
51 168
138 103
16 131
115 38
26 69
162 106
49 53
185 51
5 153
84 105
60 115
163 28
102 180
147 138
32 35
140 99
9 151
19 36
50 77
146 151
8 102
5 51
114 41
39 190
19 170
190 96
149 57
71 57
22 141
189 2
1 45
11 148
86 123
45 62
71 80
8 10
77 44
48 178
69 10
178 174
161 133
116 161
58 99
197 184
65 177
13 17
145 115
178 95
127 16
139 59
103 145
16 90
3 155
71 184
186 62
191 195
134 75
95 53
105 10
89 39
172 11
199 7
144 150
161 132
152 76
73 170
67 133
52 129
108 12
84 63
115 18
130 28
34 126
68 76
26 25
66 77
164 20
17 31
83 151
160 52
198 143
194 85
29 96
186 167
131 97
58 93
147 69
160 176
16 18
31 188
44 9
74 43
23 54
185 1
141 74
121 21
19 178
194 173
106 58
165 30
130 44
112 87
134 73
42 76
17 35
31 164
6 58
188 84
25 100
84 150
131 164
60 6
28 39
139 62
15 57
135 75
44 122
151 81
48 100
83 143
126 18
18 194
151 167
174 108
122 200
15 155
88 118
22 50
96 114
139 70
76 20
28 169
99 185
151 80
196 33
124 77
6 19
143 144
142 134
86 5
180 11
111 100
109 112
105 193
193 196
71 89
63 106
185 134
68 52
95 54
87 10
184 6
160 4
106 66
140 122
125 98
54 29
102 98
41 73
121 55
87 12
156 115
107 86
43 30
175 158
159 178
143 123
151 93
57 7
152 145
133 70
142 68
129 48
120 162
24 198
122 51
90 1
180 29
46 179
59 94
59 38
149 130
65 169
129 181
98 129
127 114
110 147
196 107
98 81
166 121
74 128
158 78
49 144
168 29
28 135
92 128
176 72
185 33
48 40
22 95
41 200
167 108
91 68
154 137
195 121
16 188
128 171
101 29
197 40
108 112
163 172
33 138
61 72
42 47
42 177
185 195
67 71
54 167
1 50
152 68
83 161
185 184
132 172
111 177
45 36
127 3
23 159
87 20
35 126
131 18
72 61
110 169
102 178
14 199
199 23
94 115
180 56
140 1
176 38
150 193
128 5
108 140
196 51
97 96
161 88
135 165
194 164
174 93
190 139
160 179
52 88
10 157
48 43
156 124
90 105
154 27
3 173
171 102
87 174
130 106
55 117
100 32
118 145
26 123
111 9
198 10
163 29
61 154
20 103
31 1
78 166
47 31
90 200
193 95
169 158
105 43
143 70
168 75
67 98
33 48
51 183
169 32
51 70
193 3
91 179
46 59
10 140
12 132
171 106
182 77
84 123
71 40
168 144
161 109
91 47
170 91
124 151
52 170
73 85
40 57
44 42
177 175
160 192
3 61
135 49
100 145
198 114
139 110
149 162
23 4
35 94
165 159
142 97
13 149
1 60
85 87
34 4
154 196
194 112
118 26
174 156
139 165
200 184
61 132
189 118
100 23
150 17
88 143
37 159
100 145
54 200
57 91
26 89
175 102
15 127
13 37
24 199
41 50
155 130
60 91
132 168
79 23
157 115
198 66
128 125
194 95
168 88
192 158
72 44
63 35
43 183
169 82
69 123
76 99
3 76
109 160
72 66
175 93
166 109
30 87
44 194
8 50
127 100
135 184
47 5
82 157
164 61
13 154
77 28
61 170
116 109
63 45
111 62
166 51
32 84
142 149
95 172
133 186
140 55
95 30
33 18
197 178
112 150
82 120
3 191
39 116
95 164
39 168
168 36
79 190
179 89
104 79
91 129
141 54
64 135
52 138
147 198
179 119
112 72
40 54
31 152
196 66
25 156
41 106
33 94
125 65
55 184
144 139
12 102
130 92
86 37
7 194
32 150
178 134
167 150
149 8
69 34
40 156
173 168
46 80
80 5
88 144
54 137
35 27
133 50
123 181
43 187
94 36
182 31
121 178
200 131
183 36
97 130
24 113
144 81
131 89
22 96
159 100
74 171
44 124
188 54
119 49
7 195
128 22
131 70
183 125
40 163
197 73
159 123
17 79
81 65
52 102
120 186
24 151
136 159
119 198
193 171
189 126
104 170
15 41
81 130
94 139
64 9
144 57
14 171
29 101
115 107
77 93
41 186
196 60
46 75
133 152
121 140
27 57
197 77
3 175
190 125
100 92
86 125
140 106
26 31
185 59
69 200
63 130
165 132
6 176
109 88
179 25
14 131
145 52
7 144
190 12
102 86
175 31
94 181
188 142
110 40
149 46
10 175
186 111
145 79
37 125
93 109
107 41
162 155
126 96
96 127
78 7
129 80
81 101
40 30
139 166
134 142
197 1
48 188
124 154
113 43
11 161
47 191
123 110
117 108
119 2
88 15
175 100
87 167
83 111
84 135
109 187
154 165
140 191
192 53
82 34
138 189
122 154
159 173
25 181
168 84
192 123
149 191
55 172
178 28
104 152
74 36
153 190
119 152
99 141
48 25
76 69
138 74
26 35
76 179
100 36
59 120
124 102
113 45
59 164
122 20
141 71
94 76
176 169
11 140
127 16
171 39
61 59
31 137
76 92
64 164
64 146
158 6
60 84
59 25
50 32
140 98
124 182
48 172
102 197
43 183
84 53
70 189
112 75
149 39
8 113
27 110
55 167
85 133
7 169
137 156
21 169
188 177
27 44
102 35
95 151
104 36
160 42
56 69
52 93
94 57
74 178
166 77
76 95
171 1
183 119
46 195
148 60
41 154
31 72
173 45
20 93
53 80
49 59
147 150
134 87
45 119
36 107
95 96
87 59
189 169
13 117
160 40
92 199
22 165
133 12
66 172
165 87
66 104
174 41
17 22
170 162
117 101
193 150
9 117
145 180
118 58
182 168
103 190
159 49
190 109
9 55
64 148
7 80
32 127
156 29
199 74
109 142
170 166
72 132
91 8
1 63
168 8
133 163
180 59
102 58
169 9
122 9
171 86
32 27
196 82
144 38
137 29
71 13
64 150
166 50
185 200
140 154
45 179
12 177
49 126
175 118
35 28
87 119
196 159
195 62
59 144
181 194
87 130
23 4
171 10
115 111
102 185
72 134
77 101
68 33
53 156
43 80
43 138
80 131
95 116
47 129
118 104
37 117
69 175
112 127
130 112
145 33
190 63
77 175
182 85
106 103
192 51
128 116
17 32
101 17
160 56
94 50
66 200
75 147
71 199
41 167
55 170
154 183
145 139
194 35
89 68
180 169
150 162
24 132
179 94
80 139
58 52
21 58
35 199
177 31
96 10
104 117
195 38
50 173
77 169
67 13
6 124
144 124
176 52
142 31
30 10
44 71
122 19
156 166
92 118
118 52
67 175
61 68
41 151
132 105
24 60
38 144
146 11
51 134
7 99
24 24
90 36
128 67
85 39
185 197
185 7
191 8
180 51
71 142
83 18
130 65
116 13
83 55
92 178
199 41
46 161
92 194
73 118
30 179
75 135
126 56
139 176
78 48
102 75
70 87
21 159
93 65
188 123
11 61
21 17
36 20
189 86
55 110
126 48
128 27
54 86
139 54
101 76
174 152
26 91
3 108
18 97
119 38
47 27
105 116
172 166
99 87
99 64
161 88
110 91
41 19
101 108
1 88
32 21
163 60
171 144
102 158
14 2
147 81
183 196
11 14
169 64
23 53
140 48
109 102
129 43
36 17
159 168
16 63
61 175
38 56
133 105
16 76
79 175
189 153
138 89
85 38
190 152
181 132
143 3
194 150
122 149
92 60
20 162
186 166
70 171
180 198
91 162
192 172
23 198
20 14
114 144
182 63
187 129
189 199
43 22
122 67
86 70
11 127
164 133
31 194
149 197
76 2
53 153
104 69
55 115
109 20
43 28
98 102
158 53
48 92
150 84
56 183
168 99
181 163
51 148
51 129
86 120